%YAML:1.0
---
Camera Matrix: !!opencv-matrix
   rows: 3
   cols: 3
   dt: d
   data: [ 6.9512043494552563e+02, 0., 3.5345866597525293e+02, 0.,
       7.0148665919567475e+02, 2.8035647904964623e+02, 0., 0., 1. ]
Dist Coeff: !!opencv-matrix
   rows: 1
   cols: 5
   dt: d
   data: [ -1.4508651438110209e-01, 4.6895614809333042e-01,
       -1.6941815291244614e-02, 1.0342664903505916e-02,
       -7.7193931375871772e-01 ]
Rotation Vector: !!opencv-matrix
   rows: 19
   cols: 1
   dt: "3d"
   data: [ 1.0008008308346381e+00, 2.8532916238672454e+00,
       5.3508844056795776e-02, 2.0310869628507899e+00,
       1.9426523291558291e+00, 3.9652063510674657e-01,
       2.4267880401453144e+00, 1.6036957015483433e+00,
       2.2566947261726827e-01, 2.5119952710969669e+00,
       1.6233178315368799e+00, 1.8130297528422371e-01,
       2.8407122205406679e+00, 1.0902010686649493e+00,
       8.2279610656426444e-02, 2.0310869628507908e+00,
       1.9426523291558293e+00, 3.9652063510674529e-01,
       2.4267880401453144e+00, 1.6036957015483433e+00,
       2.2566947261726839e-01, 1.8087145109581770e+00,
       2.3313850786773482e+00, 1.0990035769929328e-01,
       1.9243723540161159e+00, 1.8073436179416784e+00,
       -3.4318274858684172e-01, 1.6970135930773005e+00,
       -1.7938620253730402e+00, 6.3524086450766770e-01,
       1.7936437530573330e+00, -1.8490328088585153e+00,
       6.0434010111747916e-01, -2.7125933774543509e+00,
       -1.2575516679207066e-02, -5.7650947516906359e-02,
       2.7499515762878883e+00, 1.1022239118339019e+00,
       -2.7934490906137251e-02, 2.7707065303931282e+00,
       -1.0517680526685853e+00, 1.0228538518958792e-01,
       2.5097833939764285e+00, -8.7820326157427464e-01,
       2.7215825676363176e-01, 2.6592270985206783e+00,
       3.3471531690088866e-03, 5.5538497220970186e-02,
       3.0126240260625110e+00, 3.2419572443502125e-02,
       4.9381973841923349e-01, 3.0149799299809690e+00,
       3.2528560426998573e-02, 4.9970014830742338e-01,
       -2.0127564696371634e+00, -2.1427642979551602e+00,
       -7.8262715622281842e-01 ]
Translation Vector: !!opencv-matrix
   rows: 19
   cols: 1
   dt: "3d"
   data: [ 2.3322514829981586e+01, -1.3896575915082236e+01,
       4.3868537913174578e+02, -1.1014922138990045e+02,
       -4.6264555579958937e+01, 4.0063816212318898e+02,
       -1.1233255986645688e+02, -1.2622747306650194e+01,
       3.9072685207960672e+02, -1.5197874404166271e+02,
       -2.8498302670514342e+01, 4.2220293770658327e+02,
       -1.4967018684155113e+02, 1.5082712644977303e+00,
       4.2485281522942853e+02, -1.1014922138990048e+02,
       -4.6264555579958916e+01, 4.0063816212318909e+02,
       -1.1233255986645686e+02, -1.2622747306650190e+01,
       3.9072685207960666e+02, -3.7771609321924466e+01,
       -7.1779412548425000e+01, 4.0263453966629470e+02,
       -9.4481036868265520e+01, -8.7444026698270321e+01,
       3.7313066898329998e+02, 2.7705382773926694e+01,
       8.4767712214225199e+01, 2.4791223186617975e+02,
       2.5311480870592231e+01, 1.3782334178878227e+02,
       2.7767947378471843e+02, -9.1190594863181587e+01,
       8.7937092498331253e+01, 3.3284085699433166e+02,
       -1.2043693813795346e+02, -3.8621796150318907e+01,
       3.8834942509607549e+02, -2.2618464601451642e+01,
       1.0736024317119242e+02, 4.0757452452292995e+02,
       3.6483972899364550e+00, 7.2215339536993369e+01,
       3.1975788640467374e+02, -8.7150005827917326e+01,
       3.2939596896830956e+01, 3.1372986111571481e+02,
       -6.7302080911467030e+01, 3.4757773334112166e+01,
       4.7434727991891356e+02, -7.0897787846438945e+01,
       3.6049430824360911e+01, 4.7108879788818444e+02,
       -2.6011588025118563e+01, -9.3089340978833718e+01,
       3.9360315572157367e+02 ]
Calibration Error: 1.4317646900378147e+00
