%YAML:1.0
---
calibration_time: "dom 08 nov 2020 20:42:59 CET"
image_width: 640
image_height: 480
board_width: 4
board_height: 7
square_size: 1.
aspectRatio: 1.
flags: 2
camera_matrix: !!opencv-matrix
   rows: 3
   cols: 3
   dt: d
   data: [ 5.0097506971009642e+02, 0., 3.2967395326130190e+02, 0.,
       5.0097506971009642e+02, 2.4285628393390758e+02, 0., 0., 1. ]
distortion_coefficients: !!opencv-matrix
   rows: 5
   cols: 1
   dt: d
   data: [ 4.0227720800400008e-01, -1.9135056857712436e+00,
       1.3575947625638852e-03, 4.0550355559936090e-03,
       3.1712473055377886e+00 ]
avg_reprojection_error: 4.4575081360392832e-01
